0 0 -3.14159 0 0 0
0.209781 2.56908e-17 -3.03786 -0.242736 -0.494462 0.864236
0.418435 0.0217214 -2.93413 -0.242736 -0.494462 0.864236
0.623719 0.0649307 -2.83041 -0.242736 -0.494462 0.864236
0.823424 0.129163 -2.72668 -0.242736 -0.494462 0.864236
1.01541 0.213729 -2.62295 -0.242736 -0.494462 0.864236
1.1976 0.317718 -2.51922 -0.242736 -0.494462 0.864236
1.36805 0.440014 -2.41549 -0.242736 -0.494462 0.864236
1.52491 0.5793 -2.31176 -0.242736 -0.494462 0.864236
1.66652 0.734081 -2.20803 -0.242736 -0.494462 0.864236
1.79133 0.902691 -2.1043 -0.242736 -0.494462 0.864236
1.9582 1.18521 -2.24602 -0.379659 0.43191 0.864236
2.16329 1.44132 -2.38774 -0.379659 0.43191 0.864236
2.4025 1.6659 -2.52945 -0.379659 0.43191 0.864236
2.85777 1.98555 -2.39931 -0.643657 -0.233955 0.864236
3.2677 2.36157 -2.26917 -0.643657 -0.233955 0.864236
3.62537 2.78762 -2.13902 -0.643657 -0.233955 0.864236
3.92472 3.25647 -2.00888 -0.643657 -0.233955 0.864236
4.16069 3.76021 -1.87874 -0.643657 -0.233955 0.864236
4.3293 4.29032 -1.7486 -0.643657 -0.233955 0.864236
4.27657 3.99689 -1.63329 0.344963 0.38676 0.864236
4.25795 3.69934 -1.51799 0.344963 0.38676 0.864236
4.27368 3.40163 -1.40268 0.344963 0.38676 0.864236
4.32357 3.1077 -1.28738 0.344963 0.38676 0.864236
4.40694 2.82146 -1.17207 0.344963 0.38676 0.864236
4.52268 2.54672 -1.05677 0.344963 0.38676 0.864236
4.66927 2.28712 -0.941463 0.344963 0.38676 0.864236
4.84475 2.0461 -0.826158 0.344963 0.38676 0.864236
5.34795 1.50012 -0.652881 0.859139 0.23337 0.864236
5.93774 1.04907 -0.479605 0.859139 0.23337 0.864236
6.59647 0.706458 -0.306328 0.859139 0.23337 0.864236
7.30441 0.482551 -0.133051 0.859139 0.23337 0.864236
8.04034 0.384052 0.0402256 0.859139 0.23337 0.864236
8.78224 0.413911 0.213502 0.859139 0.23337 0.864236
9.50788 0.571235 0.386779 0.859139 0.23337 0.864236
10.1955 0.851311 0.560056 0.859139 0.23337 0.864236
9.50502 0.418344 -0.157162 -0.943055 0.879998 0.864236
8.70005 0.545908 -0.874381 -0.943055 0.879998 0.864236
8.17723 1.17115 -1.5916 -0.943055 0.879998 0.864236
8.19418 1.986 -2.30882 -0.943055 0.879998 0.864236
8.74255 2.58895 -3.02604 -0.943055 0.879998 0.864236
9.55214 2.68292 -3.74325 -0.943055 0.879998 0.864236
10.224 2.22161 -4.46047 -0.943055 0.879998 0.864236
10.4272 1.43231 -5.17769 -0.943055 0.879998 0.864236
10.0615 0.703938 -5.89491 -0.943055 0.879998 0.864236
9.30715 0.395375 -6.61213 -0.943055 0.879998 0.864236
9.8337 0.215641 -6.25294 0.643783 0.645581 0.864236
10.3898 0.232468 -5.89375 0.643783 0.645581 0.864236
10.9045 0.443707 -5.53456 0.643783 0.645581 0.864236
11.4548 0.954883 -5.02576 0.869011 0.677469 0.864236
11.6863 1.66934 -4.51696 0.869011 0.677469 0.864236
11.5404 2.40607 -4.00816 0.869011 0.677469 0.864236
11.0542 2.97844 -3.49936 0.869011 0.677469 0.864236
10.3507 3.24144 -2.99056 0.869011 0.677469 0.864236
10.4457 3.2559 -3.03949 -0.111202 0.509109 0.864236
10.5413 3.2657 -3.08842 -0.111202 0.509109 0.864236
10.6373 3.2708 -3.13734 -0.111202 0.509109 0.864236
10.7334 3.27121 -3.18627 -0.111202 0.509109 0.864236
11.4161 3.24069 -2.71369 -0.790749 -0.691518 0.864236
12.0379 3.52427 -2.24111 -0.790749 -0.691518 0.864236
12.4624 4.0598 -1.76853 -0.790749 -0.691518 0.864236
12.5967 4.72987 -1.29595 -0.790749 -0.691518 0.864236
12.4701 5.17884 -1.5897 -0.539751 0.629712 0.864236
12.4789 5.64523 -1.88344 -0.539751 0.629712 0.864236
12.6224 6.08908 -2.17718 -0.539751 0.629712 0.864236
12.8882 6.47239 -2.47093 -0.539751 0.629712 0.864236
13.2537 6.76231 -2.76467 -0.539751 0.629712 0.864236
13.6874 6.934 -3.05841 -0.539751 0.629712 0.864236
14.1523 6.97275 -3.35215 -0.539751 0.629712 0.864236
14.6084 6.87526 -3.6459 -0.539751 0.629712 0.864236
15.0168 6.64986 -3.93964 -0.539751 0.629712 0.864236
14.5956 7.08193 -4.29886 0.698251 -0.595276 0.864236
14.3531 7.63452 -4.65808 0.698251 -0.595276 0.864236
14.3203 8.23708 -5.0173 0.698251 -0.595276 0.864236
14.1182 7.59496 -4.61175 -0.778927 -0.602448 0.864236
14.1858 6.92519 -4.2062 -0.778927 -0.602448 0.864236
14.5122 6.33643 -3.80064 -0.778927 -0.602448 0.864236
15.0444 5.9242 -3.39509 -0.778927 -0.602448 0.864236
15.6961 5.75537 -2.98953 -0.778927 -0.602448 0.864236
16.3615 5.85734 -2.58398 -0.778927 -0.602448 0.864236
16.9327 6.21356 -2.17842 -0.778927 -0.602448 0.864236
16.9951 6.30334 -2.17523 -0.126525 -0.029258 0.864236
17.0573 6.39331 -2.17203 -0.126525 -0.029258 0.864236
16.6565 5.80905 -1.97109 0.819799 0.283604 0.864236
16.3804 5.15656 -1.77016 0.819799 0.283604 0.864236
16.2401 4.4621 -1.56923 0.819799 0.283604 0.864236
16.2412 3.7536 -1.36829 0.819799 0.283604 0.864236
16.3837 3.05957 -1.16736 0.819799 0.283604 0.864236
16.5028 2.78048 -1.24071 0.351126 -0.241728 0.864236
16.6012 2.49341 -1.31407 0.351126 -0.241728 0.864236
16.6782 2.1999 -1.38742 0.351126 -0.241728 0.864236
16.7336 1.90153 -1.46078 0.351126 -0.241728 0.864236
16.7669 1.59991 -1.53413 0.351126 -0.241728 0.864236
16.778 1.29665 -1.60748 0.351126 -0.241728 0.864236
16.7543 0.649879 -1.68873 0.748883 -0.125526 0.864236
16.6548 -0.189592 -1.59928 0.978138 0.105816 0.864236
16.6308 -1.03459 -1.50983 0.978138 0.105816 0.864236
16.6823 -1.87836 -1.42038 0.978138 0.105816 0.864236
16.8089 -2.71416 -1.33092 0.978138 0.105816 0.864236
17.0098 -3.5353 -1.24147 0.978138 0.105816 0.864236
17.2832 -4.33521 -1.15202 0.978138 0.105816 0.864236
17.1633 -4.06604 -1.32425 -0.340923 0.58454 0.864236
17.0914 -3.78031 -1.49648 -0.340923 0.58454 0.864236
17.0696 -3.48648 -1.66871 -0.340923 0.58454 0.864236
17.0984 -3.19326 -1.84094 -0.340923 0.58454 0.864236
17.177 -2.9093 -2.01316 -0.340923 0.58454 0.864236
17.3031 -2.64303 -2.18539 -0.340923 0.58454 0.864236
17.473 -2.40231 -2.35762 -0.340923 0.58454 0.864236
17.6817 -2.19426 -2.52985 -0.340923 0.58454 0.864236
17.9229 -2.02505 -2.70207 -0.340923 0.58454 0.864236
18.1895 -1.89968 -2.8743 -0.340923 0.58454 0.864236
18.3369 -1.8593 -2.80734 -0.176893 -0.43798 0.864236
18.4814 -1.80915 -2.74039 -0.176893 -0.43798 0.864236
18.6221 -1.74945 -2.67343 -0.176893 -0.43798 0.864236
18.7585 -1.68046 -2.60647 -0.176893 -0.43798 0.864236
18.89 -1.6025 -2.53952 -0.176893 -0.43798 0.864236
19.016 -1.51592 -2.47256 -0.176893 -0.43798 0.864236
19.1359 -1.4211 -2.4056 -0.176893 -0.43798 0.864236
19.355 -1.22268 -2.54262 -0.342004 0.463559 0.864236
19.5991 -1.05604 -2.67963 -0.342004 0.463559 0.864236
19.8637 -0.924297 -2.81665 -0.342004 0.463559 0.864236
20.1438 -0.829933 -2.95366 -0.342004 0.463559 0.864236
20.4342 -0.774712 -3.09068 -0.342004 0.463559 0.864236
20.7294 -0.759669 -3.22769 -0.342004 0.463559 0.864236
21.0239 -0.785086 -3.36471 -0.342004 0.463559 0.864236
21.3121 -0.850486 -3.50172 -0.342004 0.463559 0.864236
21.5887 -0.954644 -3.63874 -0.342004 0.463559 0.864236
21.8485 -1.09561 -3.77575 -0.342004 0.463559 0.864236
21.448 -0.80101 -4.03136 0.575317 -0.51409 0.864236
21.1349 -0.414715 -4.28697 0.575317 -0.51409 0.864236
20.9297 0.0381764 -4.54258 0.575317 -0.51409 0.864236
20.8457 0.528235 -4.79819 0.575317 -0.51409 0.864236
20.8883 1.02362 -5.0538 0.575317 -0.51409 0.864236
21.0548 1.49213 -5.30941 0.575317 -0.51409 0.864236
21.3343 1.90333 -5.56503 0.575317 -0.51409 0.864236
20.8184 1.4525 -5.72798 -0.792776 0.237836 0.864236
20.2362 1.09135 -5.89093 -0.792776 0.237836 0.864236
19.6031 0.829432 -6.05388 -0.792776 0.237836 0.864236
19.6093 0.830892 -6.05913 0.00743372 -0.817517 0.864236
19.6156 0.83232 -6.06439 0.00743372 -0.817517 0.864236
19.6218 0.833714 -6.06964 0.00743372 -0.817517 0.864236
19.3471 0.774134 -6.32246 -0.325298 0.899292 0.864236
20.0134 0.747953 -6.14107 0.771528 0.272039 0.864236
19.8521 0.724873 -6.27337 -0.188544 0.81193 0.864236
19.6891 0.723274 -6.40567 -0.188544 0.81193 0.864236
20.1301 0.668988 -6.75453 0.514114 -0.785149 0.864236
20.526 0.467232 -7.10338 0.514114 -0.785149 0.864236
20.829 0.142314 -7.45223 0.514114 -0.785149 0.864236
21.0028 -0.266625 -7.80109 0.514114 -0.785149 0.864236
21.0263 -0.710319 -8.14994 0.514114 -0.785149 0.864236
20.8967 -1.13532 -8.4988 0.514114 -0.785149 0.864236
20.6296 -1.49042 -8.84765 0.514114 -0.785149 0.864236
20.2573 -1.73285 -9.1965 0.514114 -0.785149 0.864236
19.8245 -1.83339 -9.54536 0.514114 -0.785149 0.864236
19.2709 -1.76632 -9.60897 0.645174 -0.114082 0.864236
19.5319 -1.81493 -9.84758 -0.307089 0.899068 0.864236
